bias(V)      absmean(A)      mean(A)           range/2(A)       relerror
0.000000	2.573756E-8	2.573756E-8	0.000000	0.000000
0.400000	0.000161	0.000161	0.000000	0.000000
0.800000	0.000344	0.000344	0.000000	0.000000
1.200000	0.000532	0.000532	0.000000	0.000000
1.600000	0.000713	0.000713	0.000000	0.000000
2.000000	0.000882	0.000882	0.000000	0.000000
2.400000	0.001034	0.001034	0.000000	0.000000
2.800000	0.001167	0.001167	0.000000	0.000000
3.200000	0.001279	0.001279	0.000000	0.000000
3.600000	0.001367	0.001367	0.000000	0.000000
4.000000	0.001435	0.001435	0.000000	0.000000
4.400000	0.001495	0.001495	0.000000	0.000000
4.800000	0.001552	0.001552	0.000000	0.000000
5.200000	0.001607	0.001607	0.000000	0.000000
5.600000	0.001661	0.001661	0.000000	0.000000
6.000000	0.001713	0.001713	0.000000	0.000000
6.400000	0.001765	0.001765	0.000000	0.000000
6.800000	0.001816	0.001816	0.000000	0.000000
7.200000	0.001866	0.001866	0.000000	0.000000
7.600000	0.001916	0.001916	0.000000	0.000000
8.000000	0.001965	0.001965	0.000000	0.000000
