bias(V)      absmean(A)      mean(A)           range/2(A)       relerror
0.000000	3.141809E-8	3.141809E-8	0.000000	0.000000
0.400000	0.000203	0.000203	0.000000	0.000000
0.800000	0.000458	0.000458	0.000000	0.000000
1.200000	0.000734	0.000734	0.000000	0.000000
1.600000	0.001012	0.001012	0.000000	0.000000
2.000000	0.001285	0.001285	0.000000	0.000000
2.400000	0.001548	0.001548	0.000000	0.000000
2.800000	0.001799	0.001799	0.000000	0.000000
3.200000	0.002036	0.002036	0.000000	0.000000
3.600000	0.002257	0.002257	0.000000	0.000000
4.000000	0.002462	0.002462	0.000000	0.000000
4.400000	0.002651	0.002651	0.000000	0.000000
4.800000	0.002821	0.002821	0.000000	0.000000
5.200000	0.002974	0.002974	0.000000	0.000000
5.600000	0.003107	0.003107	0.000000	0.000000
6.000000	0.003219	0.003219	0.000000	0.000000
6.400000	0.003310	0.003310	0.000000	0.000000
6.800000	0.003383	0.003383	0.000000	0.000000
7.200000	0.003445	0.003445	0.000000	0.000000
7.600000	0.003502	0.003502	0.000000	0.000000
8.000000	0.003556	0.003556	0.000000	0.000000
