bias(V)      absmean(A)      mean(A)           range/2(A)       relerror
0.000000	3.036062E-8	3.036062E-8	0.000000	0.000000
0.400000	0.000214	0.000214	0.000000	0.000000
0.800000	0.000489	0.000489	0.000000	0.000000
1.200000	0.000790	0.000790	0.000000	0.000000
1.600000	0.001097	0.001097	0.000000	0.000000
2.000000	0.001401	0.001401	0.000000	0.000000
2.400000	0.001696	0.001696	0.000000	0.000000
2.800000	0.001980	0.001980	0.000000	0.000000
3.200000	0.002252	0.002252	0.000000	0.000000
3.600000	0.002509	0.002509	0.000000	0.000000
4.000000	0.002752	0.002752	0.000000	0.000000
4.400000	0.002978	0.002978	0.000000	0.000000
4.800000	0.003188	0.003188	0.000000	0.000000
5.200000	0.003381	0.003381	0.000000	0.000000
5.600000	0.003557	0.003557	0.000000	0.000000
6.000000	0.003715	0.003715	0.000000	0.000000
6.400000	0.003853	0.003853	0.000000	0.000000
6.800000	0.003972	0.003972	0.000000	0.000000
7.200000	0.004071	0.004071	0.000000	0.000000
7.600000	0.004151	0.004151	0.000000	0.000000
8.000000	0.004216	0.004216	0.000000	0.000000
