bias(V)      absmean(A)      mean(A)           range/2(A)       relerror
0.000000	3.018393E-8	3.018393E-8	0.000000	0.000000
0.400000	0.000176	0.000176	0.000000	0.000000
0.800000	0.000385	0.000385	0.000000	0.000000
1.200000	0.000605	0.000605	0.000000	0.000000
1.600000	0.000821	0.000821	0.000000	0.000000
2.000000	0.001026	0.001026	0.000000	0.000000
2.400000	0.001219	0.001219	0.000000	0.000000
2.800000	0.001395	0.001395	0.000000	0.000000
3.200000	0.001555	0.001555	0.000000	0.000000
3.600000	0.001695	0.001695	0.000000	0.000000
4.000000	0.001815	0.001815	0.000000	0.000000
4.400000	0.001912	0.001912	0.000000	0.000000
4.800000	0.001987	0.001987	0.000000	0.000000
5.200000	0.002049	0.002049	0.000000	0.000000
5.600000	0.002107	0.002107	0.000000	0.000000
6.000000	0.002162	0.002162	0.000000	0.000000
6.400000	0.002216	0.002216	0.000000	0.000000
6.800000	0.002268	0.002268	0.000000	0.000000
7.200000	0.002319	0.002319	0.000000	0.000000
7.600000	0.002369	0.002369	0.000000	0.000000
8.000000	0.002419	0.002419	0.000000	0.000000
