bias(V)      absmean(A)      mean(A)           range/2(A)       relerror
0.000000	2.876395E-8	2.876395E-8	0.000000	0.000000
0.400000	0.000190	0.000190	0.000000	0.000000
0.800000	0.000423	0.000423	0.000000	0.000000
1.200000	0.000672	0.000672	0.000000	0.000000
1.600000	0.000920	0.000920	0.000000	0.000000
2.000000	0.001161	0.001161	0.000000	0.000000
2.400000	0.001389	0.001389	0.000000	0.000000
2.800000	0.001604	0.001604	0.000000	0.000000
3.200000	0.001804	0.001804	0.000000	0.000000
3.600000	0.001987	0.001987	0.000000	0.000000
4.000000	0.002152	0.002152	0.000000	0.000000
4.400000	0.002299	0.002299	0.000000	0.000000
4.800000	0.002425	0.002425	0.000000	0.000000
5.200000	0.002530	0.002530	0.000000	0.000000
5.600000	0.002613	0.002613	0.000000	0.000000
6.000000	0.002680	0.002680	0.000000	0.000000
6.400000	0.002740	0.002740	0.000000	0.000000
6.800000	0.002796	0.002796	0.000000	0.000000
7.200000	0.002849	0.002849	0.000000	0.000000
7.600000	0.002901	0.002901	0.000000	0.000000
8.000000	0.002952	0.002952	0.000000	0.000000
