/* New file structure 15.02.2006. 1st data line: Area [cm^2], start Voltage, Stop Voltage, Step Voltage, Temperature. Rest of file: Voltage, capacitance, conductance, depth, doping concentration
7.850000E-3	0.000000E+0	-1.600000E+1	5.000000E-1
0.000000	8.485000E-11	2.280000E-5	9.661467E-5	6.470039E+14
-0.500000	5.775000E-11	1.030000E-5	0.000142	6.032348E+14
-1.000000	4.660000E-11	6.600000E-6	0.000176	6.064853E+14
-1.500000	4.017000E-11	5.000000E-6	0.000204	6.108772E+14
-2.000000	3.585000E-11	4.000000E-6	0.000229	6.116087E+14
-2.500000	3.267000E-11	3.100000E-6	0.000251	6.135517E+14
-3.000000	3.023000E-11	2.500000E-6	0.000271	6.136997E+14
-3.500000	2.825000E-11	1.900000E-6	0.000290	6.162685E+14
-4.000000	2.664000E-11	1.500000E-6	0.000308	6.273348E+14
-4.500000	2.530000E-11	1.200000E-6	0.000324	6.204706E+14
-5.000000	2.410000E-11	1.100000E-6	0.000340	6.190759E+14
-5.500000	2.309000E-11	8.000000E-7	0.000355	6.312601E+14
-6.000000	2.220000E-11	8.000000E-7	0.000369	6.299835E+14
-6.500000	2.140000E-11	6.000000E-7	0.000383	6.273524E+14
-7.000000	2.068000E-11	5.000000E-7	0.000396	6.330926E+14
-7.500000	2.004000E-11	4.000000E-7	0.000409	6.473884E+14
-8.000000	1.947000E-11	4.000000E-7	0.000421	6.391512E+14
-8.500000	1.892000E-11	2.000000E-7	0.000433	6.271915E+14
-9.000000	1.842000E-11	1.000000E-7	0.000445	6.398955E+14
-9.500000	1.797000E-11	0.000000	0.000456	6.559512E+14
-10.000000	1.756000E-11	-1.000000E-7	0.000467	6.658754E+14
-10.500000	1.718000E-11	-1.000000E-7	0.000477	6.465524E+14
-11.000000	1.680000E-11	-3.000000E-7	0.000488	6.501192E+14
-11.500000	1.647000E-11	-3.000000E-7	0.000498	6.560863E+14
-12.000000	1.614000E-11	-2.000000E-7	0.000508	6.275114E+14
-12.500000	1.582000E-11	-3.000000E-7	0.000518	6.535766E+14
-13.000000	1.555000E-11	-3.000000E-7	0.000527	6.496148E+14
-13.500000	1.526000E-11	-4.000000E-7	0.000537	6.531790E+14
-14.000000	1.502000E-11	-5.000000E-7	0.000546	6.697636E+14
-14.500000	1.477000E-11	-6.000000E-7	0.000555	6.666833E+14
-15.000000	1.455000E-11	-5.000000E-7	0.000563	6.787512E+14
-15.500000	1.433000E-11	-7.000000E-7	0.000572	6.807455E+14
-16.000000	1.413000E-11	-7.000000E-7	0.000580	-3.983779E+13
