bias(V)      absmean(A)      mean(A)           range/2(A)       relerror
-1.000000	1.069763E-7	-1.069763E-7	0.000000	0.000000
-0.800000	1.066563E-7	-1.066563E-7	0.000000	0.000000
-0.600000	1.065428E-7	-1.065428E-7	0.000000	0.000000
-0.400000	1.055747E-7	-1.055747E-7	0.000000	0.000000
-0.200000	1.045258E-7	-1.045258E-7	0.000000	0.000000
0.000000	9.515165E-8	-9.515165E-8	0.000000	0.000000
0.200000	1.105992E-5	1.105992E-5	0.000000	0.000000
0.400000	0.000507	0.000507	0.000000	0.000000
0.600000	0.001426	0.001426	0.000000	0.000000
0.800000	0.002426	0.002426	0.000000	0.000000
1.000000	0.003455	0.003455	0.000000	0.000000
