bias(V)      absmean(A)      mean(A)           range/2(A)       relerror
0.000000	2.782853E-9	2.782853E-9	0.000000	0.000000
0.010000	6.303321E-9	6.303321E-9	0.000000	0.000000
0.020000	1.146259E-8	1.146259E-8	0.000000	0.000000
0.030000	1.903083E-8	1.903083E-8	0.000000	0.000000
0.040000	2.927812E-8	2.927812E-8	0.000000	0.000000
0.050000	4.499494E-8	4.499494E-8	0.000000	0.000000
0.060000	6.773089E-8	6.773089E-8	0.000000	0.000000
0.070000	1.010415E-7	1.010415E-7	0.000000	0.000000
0.080000	1.490195E-7	1.490195E-7	0.000000	0.000000
0.090000	2.195117E-7	2.195117E-7	0.000000	0.000000
0.100000	3.204986E-7	3.204986E-7	0.000000	0.000000
0.110000	4.684860E-7	4.684860E-7	0.000000	0.000000
0.120000	6.808785E-7	6.808785E-7	0.000000	0.000000
0.130000	9.848242E-7	9.848242E-7	0.000000	0.000000
0.140000	1.418779E-6	1.418779E-6	0.000000	0.000000
0.150000	2.037218E-6	2.037218E-6	0.000000	0.000000
0.160000	2.732053E-6	2.732053E-6	0.000000	0.000000
0.170000	3.921456E-6	3.921456E-6	0.000000	0.000000
0.180000	5.560395E-6	5.560395E-6	0.000000	0.000000
0.190000	7.836524E-6	7.836524E-6	0.000000	0.000000
0.200000	1.095668E-5	1.095668E-5	0.000000	0.000000
0.210000	1.518059E-5	1.518059E-5	0.000000	0.000000
0.220000	2.080351E-5	2.080351E-5	0.000000	0.000000
0.230000	2.812123E-5	2.812123E-5	0.000000	0.000000
0.240000	3.745487E-5	3.745487E-5	0.000000	0.000000
0.250000	4.904736E-5	4.904736E-5	0.000000	0.000000
0.260000	6.310828E-5	6.310828E-5	0.000000	0.000000
0.270000	7.969089E-5	7.969089E-5	0.000000	0.000000
0.280000	9.882913E-5	9.882913E-5	0.000000	0.000000
0.290000	0.000120	0.000120	0.000000	0.000000
0.300000	0.000144	0.000144	0.000000	0.000000
0.310000	0.000170	0.000170	0.000000	0.000000
0.320000	0.000198	0.000198	0.000000	0.000000
0.330000	0.000229	0.000229	0.000000	0.000000
0.340000	0.000260	0.000260	0.000000	0.000000
0.350000	0.000293	0.000293	0.000000	0.000000
0.360000	0.000327	0.000327	0.000000	0.000000
0.370000	0.000362	0.000362	0.000000	0.000000
0.380000	0.000398	0.000398	0.000000	0.000000
0.390000	0.000435	0.000435	0.000000	0.000000
0.400000	0.000473	0.000473	0.000000	0.000000
0.410000	0.000511	0.000511	0.000000	0.000000
0.420000	0.000550	0.000550	0.000000	0.000000
0.430000	0.000590	0.000590	0.000000	0.000000
0.440000	0.000630	0.000630	0.000000	0.000000
0.450000	0.000671	0.000671	0.000000	0.000000
0.460000	0.000712	0.000712	0.000000	0.000000
0.470000	0.000753	0.000753	0.000000	0.000000
0.480000	0.000795	0.000795	0.000000	0.000000
0.490000	0.000838	0.000838	0.000000	0.000000
0.500000	0.000881	0.000881	0.000000	0.000000
0.510000	0.000924	0.000924	0.000000	0.000000
0.520000	0.000967	0.000967	0.000000	0.000000
0.530000	0.001010	0.001010	0.000000	0.000000
0.540000	0.001054	0.001054	0.000000	0.000000
0.550000	0.001098	0.001098	0.000000	0.000000
0.560000	0.001142	0.001142	0.000000	0.000000
0.570000	0.001186	0.001186	0.000000	0.000000
0.580000	0.001230	0.001230	0.000000	0.000000
0.590000	0.001275	0.001275	0.000000	0.000000
0.600000	0.001319	0.001319	0.000000	0.000000
0.610000	0.001364	0.001364	0.000000	0.000000
0.620000	0.001409	0.001409	0.000000	0.000000
0.630000	0.001454	0.001454	0.000000	0.000000
0.640000	0.001500	0.001500	0.000000	0.000000
0.650000	0.001545	0.001545	0.000000	0.000000
0.660000	0.001590	0.001590	0.000000	0.000000
0.670000	0.001637	0.001637	0.000000	0.000000
0.680000	0.001683	0.001683	0.000000	0.000000
0.690000	0.001728	0.001728	0.000000	0.000000
0.700000	0.001774	0.001774	0.000000	0.000000
0.710000	0.001820	0.001820	0.000000	0.000000
0.720000	0.001866	0.001866	0.000000	0.000000
0.730000	0.001912	0.001912	0.000000	0.000000
0.740000	0.001958	0.001958	0.000000	0.000000
0.750000	0.002005	0.002005	0.000000	0.000000
0.760000	0.002051	0.002051	0.000000	0.000000
0.770000	0.002098	0.002098	0.000000	0.000000
0.780000	0.002144	0.002144	0.000000	0.000000
0.790000	0.002190	0.002190	0.000000	0.000000
0.800000	0.002237	0.002237	0.000000	0.000000
0.810000	0.002284	0.002284	0.000000	0.000000
0.820000	0.002330	0.002330	0.000000	0.000000
0.830000	0.002378	0.002378	0.000000	0.000000
0.840000	0.002425	0.002425	0.000000	0.000000
0.850000	0.002472	0.002472	0.000000	0.000000
0.860000	0.002519	0.002519	0.000000	0.000000
0.870000	0.002566	0.002566	0.000000	0.000000
0.880000	0.002613	0.002613	0.000000	0.000000
0.890000	0.002660	0.002660	0.000000	0.000000
0.900000	0.002707	0.002707	0.000000	0.000000
0.910000	0.002754	0.002754	0.000000	0.000000
0.920000	0.002801	0.002801	0.000000	0.000000
0.930000	0.002848	0.002848	0.000000	0.000000
0.940000	0.002895	0.002895	0.000000	0.000000
0.950000	0.002943	0.002943	0.000000	0.000000
0.960000	0.002990	0.002990	0.000000	0.000000
0.970000	0.003037	0.003037	0.000000	0.000000
0.980000	0.003085	0.003085	0.000000	0.000000
0.990000	0.003132	0.003132	0.000000	0.000000
1.000000	0.003180	0.003180	0.000000	0.000000
