bias(V)      absmean(A)      mean(A)           range/2(A)       relerror
-1.000000	5.975831E-9	-5.975831E-9	0.000000	0.000000
-0.800000	5.805179E-9	-5.805179E-9	0.000000	0.000000
-0.600000	5.619609E-9	-5.619609E-9	0.000000	0.000000
-0.400000	5.397851E-9	-5.397851E-9	0.000000	0.000000
-0.200000	5.127009E-9	-5.127009E-9	0.000000	0.000000
0.000000	2.596038E-9	2.596038E-9	0.000000	0.000000
0.200000	1.080588E-5	1.080588E-5	0.000000	0.000000
0.400000	0.000454	0.000454	0.000000	0.000000
0.600000	0.001259	0.001259	0.000000	0.000000
0.800000	0.002129	0.002129	0.000000	0.000000
1.000000	0.003018	0.003018	0.000000	0.000000
