bias(V)      absmean(A)      mean(A)           range/2(A)       relerror
-1.000000	1.414544E-7	-1.414544E-7	0.000000	0.000000
-0.800000	1.329364E-7	-1.329364E-7	0.000000	0.000000
-0.600000	1.242590E-7	-1.242590E-7	0.000000	0.000000
-0.400000	1.148642E-7	-1.148642E-7	0.000000	0.000000
-0.200000	1.039706E-7	-1.039706E-7	0.000000	0.000000
0.000000	3.226667E-8	3.226667E-8	0.000000	0.000000
0.200000	8.428525E-5	8.428525E-5	0.000000	0.000000
0.400000	0.000984	0.000984	0.000000	0.000000
0.600000	0.002232	0.002232	0.000000	0.000000
0.800000	0.003561	0.003561	0.000000	0.000000
1.000000	0.004926	0.004926	0.000000	0.000000
