bias(V)      absmean(A)      mean(A)           range/2(A)       relerror
-1.000000	1.898384E-7	-1.898384E-7	0.000000	0.000000
-0.800000	1.552149E-7	-1.552149E-7	0.000000	0.000000
-0.600000	1.241809E-7	-1.241809E-7	0.000000	0.000000
-0.400000	9.490602E-8	-9.490602E-8	0.000000	0.000000
-0.200000	6.806110E-8	-6.806110E-8	0.000000	0.000000
0.000000	1.322992E-8	1.322992E-8	0.000000	0.000000
0.200000	2.377532E-5	2.377532E-5	0.000000	0.000000
0.400000	0.000582	0.000582	0.000000	0.000000
0.600000	0.001532	0.001532	0.000000	0.000000
0.800000	0.002565	0.002565	0.000000	0.000000
1.000000	0.003631	0.003631	0.000000	0.000000
