bias(V)      absmean(A)      mean(A)           range/2(A)       relerror
0.000000	1.216917E-8	1.216917E-8	0.000000	0.000000
0.010000	3.526184E-8	3.526184E-8	0.000000	0.000000
0.020000	6.601253E-8	6.601253E-8	0.000000	0.000000
0.030000	1.064577E-7	1.064577E-7	0.000000	0.000000
0.040000	1.570403E-7	1.570403E-7	0.000000	0.000000
0.050000	2.290624E-7	2.290624E-7	0.000000	0.000000
0.060000	3.225038E-7	3.225038E-7	0.000000	0.000000
0.070000	4.403375E-7	4.403375E-7	0.000000	0.000000
0.080000	6.056042E-7	6.056042E-7	0.000000	0.000000
0.090000	8.310906E-7	8.310906E-7	0.000000	0.000000
0.100000	1.150342E-6	1.150342E-6	0.000000	0.000000
0.110000	1.547131E-6	1.547131E-6	0.000000	0.000000
0.120000	2.043674E-6	2.043674E-6	0.000000	0.000000
0.130000	2.809552E-6	2.809552E-6	0.000000	0.000000
0.140000	3.813593E-6	3.813593E-6	0.000000	0.000000
0.150000	5.220762E-6	5.220762E-6	0.000000	0.000000
0.160000	7.080562E-6	7.080562E-6	0.000000	0.000000
0.170000	9.655912E-6	9.655912E-6	0.000000	0.000000
0.180000	1.305954E-5	1.305954E-5	0.000000	0.000000
0.190000	1.763017E-5	1.763017E-5	0.000000	0.000000
0.200000	2.346897E-5	2.346897E-5	0.000000	0.000000
0.210000	3.100257E-5	3.100257E-5	0.000000	0.000000
0.220000	4.041752E-5	4.041752E-5	0.000000	0.000000
0.230000	5.198857E-5	5.198857E-5	0.000000	0.000000
0.240000	6.574191E-5	6.574191E-5	0.000000	0.000000
0.250000	8.218190E-5	8.218190E-5	0.000000	0.000000
0.260000	0.000101	0.000101	0.000000	0.000000
0.270000	0.000122	0.000122	0.000000	0.000000
0.280000	0.000146	0.000146	0.000000	0.000000
0.290000	0.000172	0.000172	0.000000	0.000000
0.300000	0.000200	0.000200	0.000000	0.000000
0.310000	0.000230	0.000230	0.000000	0.000000
0.320000	0.000262	0.000262	0.000000	0.000000
0.330000	0.000295	0.000295	0.000000	0.000000
0.340000	0.000330	0.000330	0.000000	0.000000
0.350000	0.000366	0.000366	0.000000	0.000000
0.360000	0.000403	0.000403	0.000000	0.000000
0.370000	0.000441	0.000441	0.000000	0.000000
0.380000	0.000480	0.000480	0.000000	0.000000
0.390000	0.000520	0.000520	0.000000	0.000000
0.400000	0.000561	0.000561	0.000000	0.000000
0.410000	0.000602	0.000602	0.000000	0.000000
0.420000	0.000644	0.000644	0.000000	0.000000
0.430000	0.000686	0.000686	0.000000	0.000000
0.440000	0.000729	0.000729	0.000000	0.000000
0.450000	0.000773	0.000773	0.000000	0.000000
0.460000	0.000817	0.000817	0.000000	0.000000
0.470000	0.000861	0.000861	0.000000	0.000000
0.480000	0.000906	0.000906	0.000000	0.000000
0.490000	0.000951	0.000951	0.000000	0.000000
0.500000	0.000998	0.000998	0.000000	0.000000
