bias(V)      absmean(A)      mean(A)           range/2(A)       relerror
0.000000	2.318862E-8	2.318862E-8	0.000000	0.000000
0.010000	6.490834E-8	6.490834E-8	0.000000	0.000000
0.020000	1.159107E-7	1.159107E-7	0.000000	0.000000
0.030000	1.798174E-7	1.798174E-7	0.000000	0.000000
0.040000	2.587873E-7	2.587873E-7	0.000000	0.000000
0.050000	3.604231E-7	3.604231E-7	0.000000	0.000000
0.060000	4.895631E-7	4.895631E-7	0.000000	0.000000
0.070000	6.559334E-7	6.559334E-7	0.000000	0.000000
0.080000	8.771164E-7	8.771164E-7	0.000000	0.000000
0.090000	1.164143E-6	1.164143E-6	0.000000	0.000000
0.100000	1.546501E-6	1.546501E-6	0.000000	0.000000
0.110000	2.055093E-6	2.055093E-6	0.000000	0.000000
0.120000	2.616147E-6	2.616147E-6	0.000000	0.000000
0.130000	3.500546E-6	3.500546E-6	0.000000	0.000000
0.140000	4.681117E-6	4.681117E-6	0.000000	0.000000
0.150000	6.286208E-6	6.286208E-6	0.000000	0.000000
0.160000	8.454118E-6	8.454118E-6	0.000000	0.000000
0.170000	1.145697E-5	1.145697E-5	0.000000	0.000000
0.180000	1.543454E-5	1.543454E-5	0.000000	0.000000
0.190000	2.076701E-5	2.076701E-5	0.000000	0.000000
0.200000	2.783919E-5	2.783919E-5	0.000000	0.000000
0.210000	3.715798E-5	3.715798E-5	0.000000	0.000000
0.220000	4.917407E-5	4.917407E-5	0.000000	0.000000
0.230000	6.442889E-5	6.442889E-5	0.000000	0.000000
0.240000	8.339214E-5	8.339214E-5	0.000000	0.000000
0.250000	0.000106	0.000106	0.000000	0.000000
0.260000	0.000134	0.000134	0.000000	0.000000
0.270000	0.000165	0.000165	0.000000	0.000000
0.280000	0.000202	0.000202	0.000000	0.000000
0.290000	0.000242	0.000242	0.000000	0.000000
0.300000	0.000287	0.000287	0.000000	0.000000
0.310000	0.000334	0.000334	0.000000	0.000000
0.320000	0.000386	0.000386	0.000000	0.000000
0.330000	0.000440	0.000440	0.000000	0.000000
0.340000	0.000498	0.000498	0.000000	0.000000
0.350000	0.000557	0.000557	0.000000	0.000000
0.360000	0.000619	0.000619	0.000000	0.000000
0.370000	0.000682	0.000682	0.000000	0.000000
0.380000	0.000747	0.000747	0.000000	0.000000
0.390000	0.000814	0.000814	0.000000	0.000000
0.400000	0.000882	0.000882	0.000000	0.000000
0.410000	0.000952	0.000952	0.000000	0.000000
0.420000	0.001022	0.001022	0.000000	0.000000
0.430000	0.001094	0.001094	0.000000	0.000000
0.440000	0.001166	0.001166	0.000000	0.000000
0.450000	0.001240	0.001240	0.000000	0.000000
0.460000	0.001314	0.001314	0.000000	0.000000
0.470000	0.001389	0.001389	0.000000	0.000000
0.480000	0.001464	0.001464	0.000000	0.000000
0.490000	0.001540	0.001540	0.000000	0.000000
0.500000	0.001618	0.001618	0.000000	0.000000
