bias(V)      absmean(A)      mean(A)           range/2(A)       relerror
-5.000000	1.252186E-5	1.252186E-5	0.000000	0.000000
-4.900000	1.252382E-5	1.252382E-5	0.000000	0.000000
-4.800000	1.253343E-5	1.253343E-5	0.000000	0.000000
-4.700000	1.254627E-5	1.254627E-5	0.000000	0.000000
-4.600000	1.256485E-5	1.256485E-5	0.000000	0.000000
-4.500000	1.258745E-5	1.258745E-5	0.000000	0.000000
-4.400000	1.261793E-5	1.261793E-5	0.000000	0.000000
-4.300000	1.265854E-5	1.265854E-5	0.000000	0.000000
-4.200000	1.271245E-5	1.271245E-5	0.000000	0.000000
-4.100000	1.278583E-5	1.278583E-5	0.000000	0.000000
-4.000000	1.288925E-5	1.288925E-5	0.000000	0.000000
-3.900000	1.303432E-5	1.303432E-5	0.000000	0.000000
-3.800000	1.325194E-5	1.325194E-5	0.000000	0.000000
-3.700000	1.357757E-5	1.357757E-5	0.000000	0.000000
-3.600000	1.405172E-5	1.405172E-5	0.000000	0.000000
-3.500000	1.469409E-5	1.469409E-5	0.000000	0.000000
-3.400000	1.550594E-5	1.550594E-5	0.000000	0.000000
-3.300000	1.650348E-5	1.650348E-5	0.000000	0.000000
-3.200000	1.772541E-5	1.772541E-5	0.000000	0.000000
-3.100000	1.920131E-5	1.920131E-5	0.000000	0.000000
-3.000000	2.098697E-5	2.098697E-5	0.000000	0.000000
-2.900000	2.318205E-5	2.318205E-5	0.000000	0.000000
-2.800000	2.585346E-5	2.585346E-5	0.000000	0.000000
-2.700000	2.913697E-5	2.913697E-5	0.000000	0.000000
-2.600000	3.311595E-5	3.311595E-5	0.000000	0.000000
-2.500000	3.788190E-5	3.788190E-5	0.000000	0.000000
-2.400000	4.325604E-5	4.325604E-5	0.000000	0.000000
-2.300000	4.864407E-5	4.864407E-5	0.000000	0.000000
-2.200000	5.339626E-5	5.339626E-5	0.000000	0.000000
-2.100000	5.728855E-5	5.728855E-5	0.000000	0.000000
-2.000000	6.039893E-5	6.039893E-5	0.000000	0.000000
-1.900000	6.290930E-5	6.290930E-5	0.000000	0.000000
-1.800000	6.498236E-5	6.498236E-5	0.000000	0.000000
-1.700000	6.670089E-5	6.670089E-5	0.000000	0.000000
-1.600000	6.819160E-5	6.819160E-5	0.000000	0.000000
-1.500000	6.947880E-5	6.947880E-5	0.000000	0.000000
-1.400000	7.061005E-5	7.061005E-5	0.000000	0.000000
-1.300000	7.161811E-5	7.161811E-5	0.000000	0.000000
-1.200000	7.253412E-5	7.253412E-5	0.000000	0.000000
-1.100000	7.334460E-5	7.334460E-5	0.000000	0.000000
-1.000000	7.409971E-5	7.409971E-5	0.000000	0.000000
