bias(V)      absmean(A)      mean(A)           range/2(A)       relerror
0.000000	4.551205E-8	4.551205E-8	0.000000	0.000000
0.400000	0.000271	0.000271	0.000000	0.000000
0.800000	0.000634	0.000634	0.000000	0.000000
1.200000	0.001033	0.001033	0.000000	0.000000
1.600000	0.001435	0.001435	0.000000	0.000000
2.000000	0.001825	0.001825	0.000000	0.000000
2.400000	0.002196	0.002196	0.000000	0.000000
2.800000	0.002543	0.002543	0.000000	0.000000
3.200000	0.002863	0.002863	0.000000	0.000000
3.600000	0.003152	0.003152	0.000000	0.000000
4.000000	0.003410	0.003410	0.000000	0.000000
4.400000	0.003632	0.003632	0.000000	0.000000
4.800000	0.003818	0.003818	0.000000	0.000000
5.200000	0.003965	0.003965	0.000000	0.000000
5.600000	0.004078	0.004078	0.000000	0.000000
6.000000	0.004166	0.004166	0.000000	0.000000
6.400000	0.004242	0.004242	0.000000	0.000000
6.800000	0.004312	0.004312	0.000000	0.000000
7.200000	0.004378	0.004378	0.000000	0.000000
7.600000	0.004441	0.004441	0.000000	0.000000
8.000000	0.004502	0.004502	0.000000	0.000000
