bias(V)      absmean(A)      mean(A)           range/2(A)       relerror
0.000000	4.516667E-8	4.516667E-8	0.000000	0.000000
0.400000	0.000252	0.000252	0.000000	0.000000
0.800000	0.000578	0.000578	0.000000	0.000000
1.200000	0.000929	0.000929	0.000000	0.000000
1.600000	0.001275	0.001275	0.000000	0.000000
2.000000	0.001605	0.001605	0.000000	0.000000
2.400000	0.001911	0.001911	0.000000	0.000000
2.800000	0.002188	0.002188	0.000000	0.000000
3.200000	0.002433	0.002433	0.000000	0.000000
3.600000	0.002643	0.002643	0.000000	0.000000
4.000000	0.002814	0.002814	0.000000	0.000000
4.400000	0.002945	0.002945	0.000000	0.000000
4.800000	0.003043	0.003043	0.000000	0.000000
5.200000	0.003122	0.003122	0.000000	0.000000
5.600000	0.003194	0.003194	0.000000	0.000000
6.000000	0.003262	0.003262	0.000000	0.000000
6.400000	0.003326	0.003326	0.000000	0.000000
6.800000	0.003388	0.003388	0.000000	0.000000
7.200000	0.003448	0.003448	0.000000	0.000000
7.600000	0.003506	0.003506	0.000000	0.000000
8.000000	0.003563	0.003563	0.000000	0.000000
