bias(V)      absmean(A)      mean(A)           range/2(A)       relerror
0.000000	4.939673E-8	4.939673E-8	0.000000	0.000000
0.400000	0.000286	0.000286	0.000000	0.000000
0.800000	0.000684	0.000684	0.000000	0.000000
1.200000	0.001126	0.001126	0.000000	0.000000
1.600000	0.001577	0.001577	0.000000	0.000000
2.000000	0.002022	0.002022	0.000000	0.000000
2.400000	0.002452	0.002452	0.000000	0.000000
2.800000	0.002861	0.002861	0.000000	0.000000
3.200000	0.003246	0.003246	0.000000	0.000000
3.600000	0.003605	0.003605	0.000000	0.000000
4.000000	0.003935	0.003935	0.000000	0.000000
4.400000	0.004234	0.004234	0.000000	0.000000
4.800000	0.004502	0.004502	0.000000	0.000000
5.200000	0.004736	0.004736	0.000000	0.000000
5.600000	0.004934	0.004934	0.000000	0.000000
6.000000	0.005096	0.005096	0.000000	0.000000
6.400000	0.005223	0.005223	0.000000	0.000000
6.800000	0.005321	0.005321	0.000000	0.000000
7.200000	0.005403	0.005403	0.000000	0.000000
7.600000	0.005476	0.005476	0.000000	0.000000
8.000000	0.005544	0.005544	0.000000	0.000000
