bias(V)      absmean(A)      mean(A)           range/2(A)       relerror
0.000000	5.040451E-8	5.040451E-8	0.000000	0.000000
0.400000	0.000300	0.000300	0.000000	0.000000
0.800000	0.000727	0.000727	0.000000	0.000000
1.200000	0.001208	0.001208	0.000000	0.000000
1.600000	0.001704	0.001704	0.000000	0.000000
2.000000	0.002198	0.002198	0.000000	0.000000
2.400000	0.002681	0.002681	0.000000	0.000000
2.800000	0.003147	0.003147	0.000000	0.000000
3.200000	0.003592	0.003592	0.000000	0.000000
3.600000	0.004013	0.004013	0.000000	0.000000
4.000000	0.004408	0.004408	0.000000	0.000000
4.400000	0.004775	0.004775	0.000000	0.000000
4.800000	0.005113	0.005113	0.000000	0.000000
5.200000	0.005421	0.005421	0.000000	0.000000
5.600000	0.005697	0.005697	0.000000	0.000000
6.000000	0.005940	0.005940	0.000000	0.000000
6.400000	0.006149	0.006149	0.000000	0.000000
6.800000	0.006324	0.006324	0.000000	0.000000
7.200000	0.006464	0.006464	0.000000	0.000000
7.600000	0.006573	0.006573	0.000000	0.000000
8.000000	0.006661	0.006661	0.000000	0.000000
