bias(V)      absmean(A)      mean(A)           range/2(A)       relerror
0.000000	4.277049E-8	4.277049E-8	0.000000	0.000000
0.400000	0.000230	0.000230	0.000000	0.000000
0.800000	0.000514	0.000514	0.000000	0.000000
1.200000	0.000810	0.000810	0.000000	0.000000
1.600000	0.001095	0.001095	0.000000	0.000000
2.000000	0.001356	0.001356	0.000000	0.000000
2.400000	0.001587	0.001587	0.000000	0.000000
2.800000	0.001782	0.001782	0.000000	0.000000
3.200000	0.001935	0.001935	0.000000	0.000000
3.600000	0.002048	0.002048	0.000000	0.000000
4.000000	0.002133	0.002133	0.000000	0.000000
4.400000	0.002207	0.002207	0.000000	0.000000
4.800000	0.002275	0.002275	0.000000	0.000000
5.200000	0.002341	0.002341	0.000000	0.000000
5.600000	0.002403	0.002403	0.000000	0.000000
6.000000	0.002464	0.002464	0.000000	0.000000
6.400000	0.002522	0.002522	0.000000	0.000000
6.800000	0.002580	0.002580	0.000000	0.000000
7.200000	0.002636	0.002636	0.000000	0.000000
7.600000	0.002691	0.002691	0.000000	0.000000
8.000000	0.002746	0.002746	0.000000	0.000000
