bias(V)      absmean(A)      mean(A)           range/2(A)       relerror
0.000000	2.590559E-8	2.590559E-8	0.000000	0.000000
0.400000	0.000254	0.000254	0.000000	0.000000
0.800000	0.000655	0.000655	0.000000	0.000000
1.200000	0.001110	0.001110	0.000000	0.000000
1.600000	0.001575	0.001575	0.000000	0.000000
2.000000	0.002029	0.002029	0.000000	0.000000
2.400000	0.002465	0.002465	0.000000	0.000000
2.800000	0.002873	0.002873	0.000000	0.000000
3.200000	0.003249	0.003249	0.000000	0.000000
3.600000	0.003588	0.003588	0.000000	0.000000
4.000000	0.003888	0.003888	0.000000	0.000000
4.400000	0.004142	0.004142	0.000000	0.000000
4.800000	0.004379	0.004379	0.000000	0.000000
5.200000	0.004563	0.004563	0.000000	0.000000
5.600000	0.004716	0.004716	0.000000	0.000000
6.000000	0.004839	0.004839	0.000000	0.000000
6.400000	0.004940	0.004940	0.000000	0.000000
6.800000	0.005024	0.005024	0.000000	0.000000
7.200000	0.005096	0.005096	0.000000	0.000000
7.600000	0.005158	0.005158	0.000000	0.000000
8.000000	0.005221	0.005221	0.000000	0.000000
