bias(V)      absmean(A)      mean(A)           range/2(A)       relerror
0.000000	2.625610E-8	2.625610E-8	0.000000	0.000000
0.400000	0.000222	0.000222	0.000000	0.000000
0.800000	0.000546	0.000546	0.000000	0.000000
1.200000	0.000899	0.000899	0.000000	0.000000
1.600000	0.001247	0.001247	0.000000	0.000000
2.000000	0.001575	0.001575	0.000000	0.000000
2.400000	0.001874	0.001874	0.000000	0.000000
2.800000	0.002137	0.002137	0.000000	0.000000
3.200000	0.002362	0.002362	0.000000	0.000000
3.600000	0.002547	0.002547	0.000000	0.000000
4.000000	0.002692	0.002692	0.000000	0.000000
4.400000	0.002804	0.002804	0.000000	0.000000
4.800000	0.002891	0.002891	0.000000	0.000000
5.200000	0.002964	0.002964	0.000000	0.000000
5.600000	0.003030	0.003030	0.000000	0.000000
6.000000	0.003091	0.003091	0.000000	0.000000
6.400000	0.003148	0.003148	0.000000	0.000000
6.800000	0.003202	0.003202	0.000000	0.000000
7.200000	0.003254	0.003254	0.000000	0.000000
7.600000	0.003305	0.003305	0.000000	0.000000
8.000000	0.003354	0.003354	0.000000	0.000000
