bias(V)      absmean(A)      mean(A)           range/2(A)       relerror
0.000000	2.555500E-8	2.555500E-8	0.000000	0.000000
0.400000	0.000183	0.000183	0.000000	0.000000
0.800000	0.000482	0.000482	0.000000	0.000000
1.200000	0.000775	0.000775	0.000000	0.000000
1.600000	0.001054	0.001054	0.000000	0.000000
2.000000	0.001304	0.001304	0.000000	0.000000
2.400000	0.001517	0.001517	0.000000	0.000000
2.800000	0.001690	0.001690	0.000000	0.000000
3.200000	0.001822	0.001822	0.000000	0.000000
3.600000	0.001918	0.001918	0.000000	0.000000
4.000000	0.001993	0.001993	0.000000	0.000000
4.400000	0.002058	0.002058	0.000000	0.000000
4.800000	0.002116	0.002116	0.000000	0.000000
5.200000	0.002172	0.002172	0.000000	0.000000
5.600000	0.002224	0.002224	0.000000	0.000000
6.000000	0.002275	0.002275	0.000000	0.000000
6.400000	0.002323	0.002323	0.000000	0.000000
6.800000	0.002370	0.002370	0.000000	0.000000
7.200000	0.002417	0.002417	0.000000	0.000000
7.600000	0.002462	0.002462	0.000000	0.000000
8.000000	0.002507	0.002507	0.000000	0.000000
