bias(V)      absmean(A)      mean(A)           range/2(A)       relerror
0.000000	2.619863E-8	2.619863E-8	0.000000	0.000000
0.400000	0.000239	0.000239	0.000000	0.000000
0.800000	0.000601	0.000601	0.000000	0.000000
1.200000	0.001006	0.001006	0.000000	0.000000
1.600000	0.001415	0.001415	0.000000	0.000000
2.000000	0.001809	0.001809	0.000000	0.000000
2.400000	0.002180	0.002180	0.000000	0.000000
2.800000	0.002520	0.002520	0.000000	0.000000
3.200000	0.002825	0.002825	0.000000	0.000000
3.600000	0.003092	0.003092	0.000000	0.000000
4.000000	0.003321	0.003321	0.000000	0.000000
4.400000	0.003521	0.003521	0.000000	0.000000
4.800000	0.003677	0.003677	0.000000	0.000000
5.200000	0.003799	0.003799	0.000000	0.000000
5.600000	0.003894	0.003894	0.000000	0.000000
6.000000	0.003974	0.003974	0.000000	0.000000
6.400000	0.004043	0.004043	0.000000	0.000000
6.800000	0.004107	0.004107	0.000000	0.000000
7.200000	0.004167	0.004167	0.000000	0.000000
7.600000	0.004223	0.004223	0.000000	0.000000
8.000000	0.004277	0.004277	0.000000	0.000000
