bias(V)      absmean(A)      mean(A)           range/2(A)       relerror
0.000000	2.784800E-8	2.784800E-8	0.000000	0.000000
0.400000	0.000201	0.000201	0.000000	0.000000
0.800000	0.000654	0.000654	0.000000	0.000000
1.200000	0.001116	0.001116	0.000000	0.000000
1.600000	0.001600	0.001600	0.000000	0.000000
2.000000	0.002079	0.002079	0.000000	0.000000
2.400000	0.002343	0.002343	0.000000	0.000000
2.800000	0.002884	0.002884	0.000000	0.000000
3.200000	0.003351	0.003351	0.000000	0.000000
3.600000	0.003754	0.003754	0.000000	0.000000
4.000000	0.004123	0.004123	0.000000	0.000000
4.400000	0.004415	0.004415	0.000000	0.000000
4.800000	0.004728	0.004728	0.000000	0.000000
5.200000	0.005005	0.005005	0.000000	0.000000
5.600000	0.005264	0.005264	0.000000	0.000000
6.000000	0.005489	0.005489	0.000000	0.000000
6.400000	0.005678	0.005678	0.000000	0.000000
6.800000	0.005834	0.005834	0.000000	0.000000
7.200000	0.005956	0.005956	0.000000	0.000000
7.600000	0.006054	0.006054	0.000000	0.000000
8.000000	0.006140	0.006140	0.000000	0.000000
