bias(V)      absmean(A)      mean(A)           range/2(A)       relerror
0.000000	1.021469E-7	1.021469E-7	0.000000	0.000000
0.400000	0.000545	0.000545	0.000000	0.000000
0.800000	0.001388	0.001388	0.000000	0.000000
1.200000	0.002346	0.002346	0.000000	0.000000
1.600000	0.003321	0.003321	0.000000	0.000000
2.000000	0.004263	0.004263	0.000000	0.000000
2.400000	0.005139	0.005139	0.000000	0.000000
2.800000	0.005927	0.005927	0.000000	0.000000
3.200000	0.006615	0.006615	0.000000	0.000000
3.600000	0.007195	0.007195	0.000000	0.000000
4.000000	0.007676	0.007676	0.000000	0.000000
4.400000	0.008073	0.008073	0.000000	0.000000
4.800000	0.008405	0.008405	0.000000	0.000000
5.200000	0.008691	0.008691	0.000000	0.000000
5.600000	0.008945	0.008945	0.000000	0.000000
6.000000	0.009176	0.009176	0.000000	0.000000
6.400000	0.009393	0.009393	0.000000	0.000000
6.800000	0.009598	0.009598	0.000000	0.000000
7.200000	0.009797	0.009797	0.000000	0.000000
7.600000	0.009995	0.009995	0.000000	0.000000
8.000000	0.010198	0.010198	0.000000	0.000000
