bias(V)      absmean(A)      mean(A)           range/2(A)       relerror
0.000000	1.027543E-7	1.027543E-7	0.000000	0.000000
0.400000	0.000560	0.000560	0.000000	0.000000
0.800000	0.001441	0.001441	0.000000	0.000000
1.200000	0.002455	0.002455	0.000000	0.000000
1.600000	0.003503	0.003503	0.000000	0.000000
2.000000	0.004534	0.004534	0.000000	0.000000
2.400000	0.005514	0.005514	0.000000	0.000000
2.800000	0.006422	0.006422	0.000000	0.000000
3.200000	0.007242	0.007242	0.000000	0.000000
3.600000	0.007963	0.007963	0.000000	0.000000
4.000000	0.008583	0.008583	0.000000	0.000000
4.400000	0.009105	0.009105	0.000000	0.000000
4.800000	0.009542	0.009542	0.000000	0.000000
5.200000	0.009908	0.009908	0.000000	0.000000
5.600000	0.010221	0.010221	0.000000	0.000000
6.000000	0.010494	0.010494	0.000000	0.000000
6.400000	0.010738	0.010738	0.000000	0.000000
6.800000	0.010961	0.010961	0.000000	0.000000
7.200000	0.011169	0.011169	0.000000	0.000000
7.600000	0.011367	0.011367	0.000000	0.000000
8.000000	0.011561	0.011561	0.000000	0.000000
