bias(V)      absmean(A)      mean(A)           range/2(A)       relerror
0.000000	1.017805E-7	1.017805E-7	0.000000	0.000000
0.400000	0.000572	0.000572	0.000000	0.000000
0.800000	0.001485	0.001485	0.000000	0.000000
1.200000	0.002547	0.002547	0.000000	0.000000
1.600000	0.003655	0.003655	0.000000	0.000000
2.000000	0.004758	0.004758	0.000000	0.000000
2.400000	0.005823	0.005823	0.000000	0.000000
2.800000	0.006828	0.006828	0.000000	0.000000
3.200000	0.007756	0.007756	0.000000	0.000000
3.600000	0.008594	0.008594	0.000000	0.000000
4.000000	0.009338	0.009338	0.000000	0.000000
4.400000	0.009984	0.009984	0.000000	0.000000
4.800000	0.010535	0.010535	0.000000	0.000000
5.200000	0.011002	0.011002	0.000000	0.000000
5.600000	0.011398	0.011398	0.000000	0.000000
6.000000	0.011734	0.011734	0.000000	0.000000
6.400000	0.012024	0.012024	0.000000	0.000000
6.800000	0.012281	0.012281	0.000000	0.000000
7.200000	0.012512	0.012512	0.000000	0.000000
7.600000	0.012725	0.012725	0.000000	0.000000
8.000000	0.012923	0.012923	0.000000	0.000000
