bias(V)      absmean(A)      mean(A)           range/2(A)       relerror
0.000000	1.068417E-7	1.068417E-7	0.000000	0.000000
0.400000	0.000526	0.000526	0.000000	0.000000
0.800000	0.001320	0.001320	0.000000	0.000000
1.200000	0.002205	0.002205	0.000000	0.000000
1.600000	0.003087	0.003087	0.000000	0.000000
2.000000	0.003915	0.003915	0.000000	0.000000
2.400000	0.004657	0.004657	0.000000	0.000000
2.800000	0.005294	0.005294	0.000000	0.000000
3.200000	0.005821	0.005821	0.000000	0.000000
3.600000	0.006248	0.006248	0.000000	0.000000
4.000000	0.006597	0.006597	0.000000	0.000000
4.400000	0.006893	0.006893	0.000000	0.000000
4.800000	0.007154	0.007154	0.000000	0.000000
5.200000	0.007392	0.007392	0.000000	0.000000
5.600000	0.007614	0.007614	0.000000	0.000000
6.000000	0.007825	0.007825	0.000000	0.000000
6.400000	0.008028	0.008028	0.000000	0.000000
6.800000	0.008228	0.008228	0.000000	0.000000
7.200000	0.008429	0.008429	0.000000	0.000000
7.600000	0.008638	0.008638	0.000000	0.000000
8.000000	0.008866	0.008866	0.000000	0.000000
