bias(V)      absmean(A)      mean(A)           range/2(A)       relerror
0.000000	1.034682E-7	1.034682E-7	0.000000	0.000000
0.400000	0.000501	0.000501	0.000000	0.000000
0.800000	0.001231	0.001231	0.000000	0.000000
1.200000	0.002021	0.002021	0.000000	0.000000
1.600000	0.002778	0.002778	0.000000	0.000000
2.000000	0.003453	0.003453	0.000000	0.000000
2.400000	0.004019	0.004019	0.000000	0.000000
2.800000	0.004472	0.004472	0.000000	0.000000
3.200000	0.004833	0.004833	0.000000	0.000000
3.600000	0.005132	0.005132	0.000000	0.000000
4.000000	0.005395	0.005395	0.000000	0.000000
4.400000	0.005635	0.005635	0.000000	0.000000
4.800000	0.005860	0.005860	0.000000	0.000000
5.200000	0.006074	0.006074	0.000000	0.000000
5.600000	0.006280	0.006280	0.000000	0.000000
6.000000	0.006483	0.006483	0.000000	0.000000
6.400000	0.006683	0.006683	0.000000	0.000000
6.800000	0.006887	0.006887	0.000000	0.000000
7.200000	0.007100	0.007100	0.000000	0.000000
7.600000	0.007331	0.007331	0.000000	0.000000
8.000000	0.007594	0.007594	0.000000	0.000000
